0.00000000 0.00000000 0.00000000 0.00000000 0.00000000 0.00000000 0.00000000 1.00000000 0.00000000 0.00000000
0.00000000 0.00000000 0.77099237 0.00000000 0.00000000 0.00000000 0.00000000 0.22900763 0.00000000 0.00000000
0.00000000 0.00000000 0.00000000 0.00000000 0.00000000 0.00000000 1.00000000 0.00000000 0.00000000 0.00000000
0.22663551 0.34112150 0.00000000 0.00000000 0.29906542 0.00000000 0.00000000 0.00000000 0.13317757 0.00000000
0.00000000 0.00000000 0.00000000 0.00000000 0.00000000 1.00000000 0.00000000 0.00000000 0.00000000 0.00000000
0.00000000 0.00000000 0.00000000 0.00000000 1.00000000 0.00000000 0.00000000 0.00000000 0.00000000 0.00000000
0.00000000 0.00000000 0.00000000 0.00000000 0.00000000 1.00000000 0.00000000 0.00000000 0.00000000 0.00000000
0.00000000 0.00000000 0.00000000 0.35071090 0.00000000 0.00000000 0.00000000 0.00000000 0.40758294 0.24170616
0.00000000 0.00000000 1.00000000 0.00000000 0.00000000 0.00000000 0.00000000 0.00000000 0.00000000 0.00000000
0.00000000 0.00000000 1.00000000 0.00000000 0.00000000 0.00000000 0.00000000 0.00000000 0.00000000 0.00000000
0.00000000 0.00000000 0.00000000 0.00000000 0.00000000 0.00000000 0.00000000 0.00000000 0.00000000 1.00000000
0.00000000 0.00000000 0.00000000 0.00000000 0.00000000 0.00000000 0.00000000 0.00000000 1.00000000 0.00000000
0.38927336 0.21280277 0.00000000 0.18339100 0.00000000 0.00000000 0.00000000 0.00000000 0.21453287 0.00000000
0.40845070 0.00000000 0.00000000 0.00000000 0.00000000 0.29175050 0.00000000 0.00000000 0.29979879 0.00000000
0.23456790 0.00000000 0.00000000 0.56543210 0.00000000 0.20000000 0.00000000 0.00000000 0.00000000 0.00000000
0.00000000 0.00000000 0.29651163 0.00000000 0.00000000 0.00000000 0.16279070 0.00000000 0.00000000 0.54069767
0.00000000 0.00000000 0.00000000 0.00000000 0.00000000 1.00000000 0.00000000 0.00000000 0.00000000 0.00000000
0.00000000 0.00000000 0.00000000 0.00000000 0.00000000 0.00000000 0.00000000 1.00000000 0.00000000 0.00000000
0.00000000 0.00000000 0.00000000 0.00000000 0.00000000 0.00000000 0.00000000 0.00000000 0.00000000 1.00000000
0.00000000 0.00000000 0.00000000 0.00000000 1.00000000 0.00000000 0.00000000 0.00000000 0.00000000 0.00000000
0.21560284 0.00000000 0.00000000 0.00000000 0.23829787 0.00000000 0.00000000 0.00000000 0.54609929 0.00000000
0.86597938 0.00000000 0.00000000 0.00000000 0.00000000 0.00000000 0.00000000 0.00000000 0.13402062 0.00000000
0.00000000 0.00000000 0.00000000 0.00000000 1.00000000 0.00000000 0.00000000 0.00000000 0.00000000 0.00000000
0.00000000 0.00000000 0.00000000 0.00000000 0.00000000 1.00000000 0.00000000 0.00000000 0.00000000 0.00000000
0.00000000 1.00000000 0.00000000 0.00000000 0.00000000 0.00000000 0.00000000 0.00000000 0.00000000 0.00000000
0.19351101 0.00000000 0.25608343 0.22132097 0.00000000 0.20625724 0.00000000 0.00000000 0.00000000 0.12282735
0.00000000 0.00000000 0.21883173 0.08108108 0.00000000 0.00000000 0.18918919 0.17175240 0.00000000 0.33914560
0.00000000 0.00000000 0.00000000 0.00000000 0.00000000 0.00000000 0.00000000 1.00000000 0.00000000 0.00000000
0.00000000 0.00000000 0.00000000 0.00000000 0.00000000 0.00000000 0.00000000 0.00000000 1.00000000 0.00000000
0.36322870 0.63677130 0.00000000 0.00000000 0.00000000 0.00000000 0.00000000 0.00000000 0.00000000 0.00000000
0.00000000 0.00000000 0.24703557 0.00000000 0.53557312 0.00000000 0.21739130 0.00000000 0.00000000 0.00000000
0.00000000 0.00000000 0.00000000 0.00000000 0.00000000 0.00000000 0.00000000 0.57291667 0.00000000 0.42708333
0.00000000 0.00000000 0.00000000 0.00000000 0.00000000 0.00000000 0.00000000 1.00000000 0.00000000 0.00000000
0.00000000 0.00000000 0.00000000 0.00000000 0.56329114 0.00000000 0.43670886 0.00000000 0.00000000 0.00000000
0.00000000 1.00000000 0.00000000 0.00000000 0.00000000 0.00000000 0.00000000 0.00000000 0.00000000 0.00000000
0.00000000 0.76288660 0.00000000 0.23711340 0.00000000 0.00000000 0.00000000 0.00000000 0.00000000 0.00000000
0.00000000 0.49712644 0.00000000 0.14080460 0.00000000 0.00000000 0.19540230 0.00000000 0.00000000 0.16666667
0.00000000 1.00000000 0.00000000 0.00000000 0.00000000 0.00000000 0.00000000 0.00000000 0.00000000 0.00000000
0.00000000 0.00000000 0.00000000 0.00000000 0.00000000 1.00000000 0.00000000 0.00000000 0.00000000 0.00000000
0.00000000 0.00000000 0.00000000 0.00000000 0.00000000 0.00000000 0.00000000 1.00000000 0.00000000 0.00000000
0.24000000 0.00000000 0.00000000 0.37428571 0.00000000 0.38571429 0.00000000 0.00000000 0.00000000 0.00000000
0.00000000 0.00000000 1.00000000 0.00000000 0.00000000 0.00000000 0.00000000 0.00000000 0.00000000 0.00000000
0.00000000 0.00000000 0.00000000 0.33333333 0.00000000 0.00000000 0.00000000 0.00000000 0.66666667 0.00000000
0.00000000 0.00000000 0.34550989 0.00000000 0.47640791 0.00000000 0.17808219 0.00000000 0.00000000 0.00000000
0.00000000 0.00000000 0.00000000 0.00000000 0.00000000 0.00000000 0.00000000 0.00000000 1.00000000 0.00000000
0.00000000 0.00000000 0.00000000 0.00000000 0.00000000 0.00000000 0.00000000 0.00000000 0.00000000 1.00000000
0.00000000 0.00000000 0.00000000 0.00000000 0.00000000 1.00000000 0.00000000 0.00000000 0.00000000 0.00000000
0.00000000 0.00000000 0.00000000 0.40372671 0.28571429 0.31055901 0.00000000 0.00000000 0.00000000 0.00000000
0.00000000 0.00000000 0.58762887 0.00000000 0.00000000 0.00000000 0.41237113 0.00000000 0.00000000 0.00000000
0.00000000 1.00000000 0.00000000 0.00000000 0.00000000 0.00000000 0.00000000 0.00000000 0.00000000 0.00000000
0.00000000 0.00000000 0.00000000 0.00000000 0.00000000 0.00000000 0.00000000 1.00000000 0.00000000 0.00000000
0.00000000 0.00000000 0.00000000 0.00000000 0.00000000 0.00000000 1.00000000 0.00000000 0.00000000 0.00000000
0.00000000 0.00000000 0.00000000 0.00000000 0.00000000 0.00000000 0.00000000 1.00000000 0.00000000 0.00000000
0.00000000 0.00000000 0.25581395 0.00000000 0.63255814 0.00000000 0.11162791 0.00000000 0.00000000 0.00000000
0.00000000 0.00000000 0.00000000 1.00000000 0.00000000 0.00000000 0.00000000 0.00000000 0.00000000 0.00000000
0.00000000 0.00000000 0.00000000 0.00000000 0.00000000 0.00000000 0.00000000 0.00000000 1.00000000 0.00000000
0.00000000 0.00000000 0.00000000 0.00000000 0.00000000 0.00000000 0.51094891 0.48905109 0.00000000 0.00000000
0.00000000 1.00000000 0.00000000 0.00000000 0.00000000 0.00000000 0.00000000 0.00000000 0.00000000 0.00000000
0.00000000 0.16666667 0.10888889 0.00000000 0.00000000 0.00000000 0.35666667 0.36777778 0.00000000 0.00000000
1.00000000 0.00000000 0.00000000 0.00000000 0.00000000 0.00000000 0.00000000 0.00000000 0.00000000 0.00000000
0.51785714 0.48214286 0.00000000 0.00000000 0.00000000 0.00000000 0.00000000 0.00000000 0.00000000 0.00000000
0.26879271 0.00000000 0.00000000 0.34054670 0.00000000 0.39066059 0.00000000 0.00000000 0.00000000 0.00000000
