0.00734127
0.04689153
0.02996032
0.02268519
0.09014550
0.06984127
0.04801587
0.00224868
0.04980159
0.00310847
0.01402116
0.02235450
0.00972222
0.01250000
0.00628307
0.00423280
0.01216931
0.00992063
0.00601852
0.00826720
0.00919312
0.00634921
0.00601852
0.00912698
0.00198413
0.12824074
0.00205026
0.00046296
0.00932540
0.07883598
0.12328042
0.00052910
0.03578042
0.00707672
0.02453704
0.01031746
0.00747354
0.00119048
0.00145503
0.00046296
0.00376984
0.00469577
0.00687831
0.01236772
0.02996032
0.00310847
