0.00471041
0.00855564
0.00062485
0.03614516
0.00091324
0.00557558
0.01033405
0.01129536
0.00091324
0.00480654
0.00514299
0.00360490
0.03537611
0.00067292
0.00278779
0.00499880
0.01903389
0.01033405
0.00379716
0.00519106
0.00999760
0.01816871
0.00797885
0.00283586
0.00307618
0.00672915
0.01105503
0.00557558
0.03614516
0.03657775
0.01528479
0.00485460
0.03624129
0.00028839
0.00100937
0.00490267
0.00716174
0.00062485
0.02888729
0.02292718
0.00221101
0.00543139
0.03681807
0.03638548
0.00052872
0.01614996
0.01884162
0.03638548
0.00937275
0.01091084
0.05258351
0.00057678
0.00591204
0.03715453
0.00523913
0.02581110
0.03633742
0.00254746
0.03561644
0.03979813
0.00129776
0.01768806
0.00033646
0.00523913
0.00028839
0.02134102
0.00072098
0.03705840
0.00033646
0.00341264
0.01235280
0.03720260
0.01297765
