9.202499999999999569e-02
4.000000000000000083e-02
4.262300000000000116e-02
1.818180000000000074e-01
1.841000000000000136e-01
0.000000000000000000e+00
8.333300000000000429e-02
1.714289999999999980e-01
2.173910000000000009e-01
0.000000000000000000e+00
8.000000000000000167e-02
1.447370000000000045e-01
2.765960000000000085e-01
2.903229999999999977e-01
7.865199999999999969e-02
4.255300000000000055e-02
6.944400000000000572e-02
7.142900000000000638e-02
0.000000000000000000e+00
2.438999999999999849e-02
5.714289999999999647e-01
1.666670000000000096e-01
3.750000000000000000e-01
1.538460000000000105e-01
1.818180000000000074e-01
8.666669999999999652e-01
1.666670000000000096e-01
3.246799999999999686e-02
5.555600000000000122e-02
9.090900000000000369e-02
1.272729999999999972e-01
0.000000000000000000e+00
3.809520000000000128e-01
4.939760000000000262e-01
6.468530000000000113e-01
0.000000000000000000e+00
7.407400000000000095e-02
8.214289999999999647e-01
2.500000000000000000e-01
3.125000000000000000e-02
0.000000000000000000e+00
7.333330000000000126e-01
7.692300000000000526e-02
4.756099999999999772e-01
5.000000000000000000e-01
9.090900000000000369e-02
0.000000000000000000e+00
2.244899999999999951e-01
0.000000000000000000e+00
0.000000000000000000e+00
9.677399999999999891e-02
3.125000000000000000e-01
8.333300000000000429e-02
1.111110000000000014e-01
2.500000000000000000e-01
4.000000000000000222e-01
6.206899999999999640e-01
5.882400000000000129e-02
5.600000000000000533e-01
3.823529999999999984e-01
1.764709999999999890e-01
7.142900000000000638e-02
0.000000000000000000e+00
5.000000000000000000e-01
3.499999999999999778e-01
0.000000000000000000e+00
