0.01954371
0.00212609
0.00286205
0.02567667
0.02445008
0.01054870
0.00278028
0.00417041
0.00024532
0.00613296
0.00752310
0.01970725
0.06967046
0.00498814
0.00163546
0.00049064
0.01447379
0.00114482
0.00130837
0.05740453
0.03491700
0.01079401
0.00032709
0.13541581
0.06124785
0.01946193
0.15904816
0.02600376
0.00776842
0.02845695
0.01152997
0.00253496
0.00752310
0.09084962
0.00245319
0.00605119
0.01071224
0.00286205
0.00547878
0.00302559
0.00539701
0.00466105
0.00351623
0.01520975
0.00588764
0.03009240
0.00130837
0.00498814
0.01177529
0.00457928
0.00924033
