0.00000000 0.00000000 0.00000000 0.00000000 0.00000000 0.04399586 0.00000000 0.00000000 0.00000000 0.00000000 0.04347826 0.00000000 0.09575569 0.00000000 0.00000000 0.00000000 0.09161491 0.00000000 0.00000000 0.00000000 0.14130435 0.00000000 0.00000000 0.09730849 0.00000000 0.00000000 0.19151139 0.03985507 0.00000000 0.00000000 0.07298137 0.00000000 0.04761905 0.00000000 0.00000000 0.03830228 0.00000000 0.00000000 0.00000000 0.00000000 0.00000000 0.00000000 0.00000000 0.09627329 0.00000000 0.00000000 0.00000000 0.00000000 0.00000000 0.00000000 0.00000000
0.00000000 0.00000000 0.00000000 0.00000000 0.00000000 0.00000000 0.00000000 0.00000000 0.00000000 0.05304102 0.00000000 0.00000000 0.09476662 0.00000000 0.00000000 0.00000000 0.00000000 0.00000000 0.00000000 0.08769448 0.00000000 0.00000000 0.00000000 0.12446959 0.07637907 0.00000000 0.22347949 0.00000000 0.04596888 0.00000000 0.00000000 0.00000000 0.00000000 0.10042433 0.00000000 0.00000000 0.00000000 0.00000000 0.00000000 0.00000000 0.00000000 0.04031117 0.03041018 0.00000000 0.00000000 0.00000000 0.00000000 0.04314003 0.00000000 0.00000000 0.07991513
0.00000000 0.00000000 0.00000000 0.08616011 0.00000000 0.00000000 0.00000000 0.00000000 0.00000000 0.00000000 0.00000000 0.00000000 0.04477612 0.00000000 0.00000000 0.00000000 0.00000000 0.00000000 0.00000000 0.14043419 0.00000000 0.00000000 0.00000000 0.20691995 0.00000000 0.06173677 0.07123474 0.00000000 0.00000000 0.05427408 0.00000000 0.00000000 0.00000000 0.20013569 0.00000000 0.00000000 0.03595658 0.00000000 0.01831750 0.00000000 0.00000000 0.00000000 0.00000000 0.00000000 0.00000000 0.05088195 0.00000000 0.00000000 0.02917232 0.00000000 0.00000000
0.00000000 0.00000000 0.00000000 0.05157593 0.00000000 0.00000000 0.00000000 0.03653295 0.00000000 0.00000000 0.00000000 0.00000000 0.00000000 0.00000000 0.00000000 0.00000000 0.00000000 0.00000000 0.00000000 0.08309456 0.00000000 0.00000000 0.00000000 0.15544413 0.04441261 0.07378223 0.14541547 0.00000000 0.00000000 0.03510029 0.00000000 0.00000000 0.00000000 0.21418338 0.00000000 0.00000000 0.00000000 0.00000000 0.02865330 0.02650430 0.00000000 0.00000000 0.00000000 0.00000000 0.00000000 0.10530086 0.00000000 0.00000000 0.00000000 0.00000000 0.00000000
0.07236336 0.00000000 0.00000000 0.00000000 0.00000000 0.00000000 0.00000000 0.00000000 0.00000000 0.00000000 0.00000000 0.00000000 0.14780600 0.00000000 0.00000000 0.00000000 0.00000000 0.00000000 0.00000000 0.09776751 0.00000000 0.00000000 0.00000000 0.09237875 0.05080831 0.02155504 0.23325635 0.07621247 0.00000000 0.04003079 0.00000000 0.00000000 0.00000000 0.12702079 0.00000000 0.00000000 0.02386451 0.00000000 0.00000000 0.00000000 0.00000000 0.00000000 0.00000000 0.00000000 0.00000000 0.00000000 0.00000000 0.00000000 0.01693610 0.00000000 0.00000000
0.00000000 0.02212766 0.00000000 0.00000000 0.00000000 0.00000000 0.00000000 0.00000000 0.00000000 0.00000000 0.00000000 0.00000000 0.17446809 0.00000000 0.01702128 0.00000000 0.00000000 0.00000000 0.00000000 0.07744681 0.00000000 0.00000000 0.00000000 0.10297872 0.04425532 0.00000000 0.30978723 0.05106383 0.00000000 0.04425532 0.00000000 0.00000000 0.00000000 0.11319149 0.00000000 0.00000000 0.02553191 0.00000000 0.00000000 0.00000000 0.00000000 0.00000000 0.00000000 0.00000000 0.00000000 0.01787234 0.00000000 0.00000000 0.00000000 0.00000000 0.00000000
0.12730465 0.00000000 0.03072871 0.00000000 0.00000000 0.00000000 0.00000000 0.00000000 0.00000000 0.00000000 0.00000000 0.21158911 0.06145742 0.05355575 0.00000000 0.00000000 0.00000000 0.00000000 0.00000000 0.00000000 0.13520632 0.11589113 0.00000000 0.00000000 0.00000000 0.00000000 0.12115891 0.00000000 0.00000000 0.03863038 0.00000000 0.00000000 0.00000000 0.00000000 0.02633889 0.00000000 0.01492537 0.00000000 0.00000000 0.00000000 0.00000000 0.00000000 0.00000000 0.00000000 0.06321335 0.00000000 0.00000000 0.00000000 0.00000000 0.00000000 0.00000000
0.00000000 0.00000000 0.00000000 0.06995885 0.00000000 0.00000000 0.00000000 0.00000000 0.00000000 0.00000000 0.00000000 0.00000000 0.00000000 0.00000000 0.00000000 0.00000000 0.00000000 0.01440329 0.01646091 0.03806584 0.00000000 0.00000000 0.00000000 0.00000000 0.39814815 0.01646091 0.15020576 0.00000000 0.00000000 0.07304527 0.00000000 0.00000000 0.00000000 0.07921811 0.00000000 0.00000000 0.00000000 0.00000000 0.00000000 0.00000000 0.00000000 0.00000000 0.00000000 0.00000000 0.00000000 0.07716049 0.01646091 0.00000000 0.05041152 0.00000000 0.00000000
0.00000000 0.00000000 0.00000000 0.05021368 0.31944444 0.04700855 0.03632479 0.00000000 0.00000000 0.00000000 0.00000000 0.00000000 0.00000000 0.00000000 0.00000000 0.00000000 0.00000000 0.00000000 0.00000000 0.00000000 0.00000000 0.00000000 0.00000000 0.15384615 0.07905983 0.00000000 0.00000000 0.08760684 0.00000000 0.00000000 0.00000000 0.03311966 0.00000000 0.00000000 0.00000000 0.00000000 0.00000000 0.03739316 0.00000000 0.00000000 0.07051282 0.00000000 0.00000000 0.00000000 0.00000000 0.05341880 0.00000000 0.00000000 0.03205128 0.00000000 0.00000000
0.00000000 0.00000000 0.00000000 0.00000000 0.00000000 0.00000000 0.00000000 0.00000000 0.00609756 0.00000000 0.01626016 0.00000000 0.00000000 0.00000000 0.00000000 0.01219512 0.00000000 0.00000000 0.00000000 0.00000000 0.00000000 0.00000000 0.00813008 0.78252033 0.00000000 0.00000000 0.00000000 0.00000000 0.06097561 0.00000000 0.00000000 0.00000000 0.00000000 0.00000000 0.00000000 0.00000000 0.00000000 0.00000000 0.00000000 0.00000000 0.00000000 0.00000000 0.00000000 0.00000000 0.00000000 0.00000000 0.00000000 0.00000000 0.00000000 0.11382114 0.00000000
