0.05391889
0.00345517
0.00981997
0.00527369
0.01736679
0.01082015
0.00209129
0.00436443
0.02064012
0.00127296
0.00090926
0.00527369
0.01300236
0.00609202
0.01327514
0.00081833
0.00518276
0.01418440
0.00490998
0.00372795
0.00063648
0.00290962
0.00372795
0.00427350
0.00045463
0.04864521
0.00090926
0.00754683
0.00190944
0.00309147
0.00136388
0.00763775
0.00591017
0.00663757
0.03473359
0.00736498
0.00100018
0.00418258
0.03991635
0.00400073
0.01354792
0.00181851
0.00436443
0.00745590
0.01663939
0.00190944
0.00263684
0.01191126
0.02909620
0.01791235
0.00800145
0.02700491
0.01109293
0.00245499
0.03655210
0.00272777
0.00118203
0.00400073
0.01354792
0.00245499
0.00518276
0.01982179
0.01809420
0.00300055
0.02482270
0.06037461
0.01436625
0.01745772
0.01263866
0.00281869
0.01782142
0.00209129
0.03336970
0.00490998
0.01782142
0.00236407
0.02018549
0.01582106
0.00036370
0.00981997
0.03182397
0.00127296
0.00454628
0.00136388
0.00354610
0.00209129
0.02091289
0.00981997
0.02191308
