0.40644362 0.00000000 0.00000000 0.00000000 0.00000000 0.29739777 0.00000000 0.13382900 0.16232962 0.00000000
0.00000000 0.00000000 0.00000000 0.00000000 0.00000000 0.00000000 1.00000000 0.00000000 0.00000000 0.00000000
0.00000000 0.00000000 0.00000000 0.00000000 0.00000000 0.00000000 0.00000000 0.00000000 0.00000000 1.00000000
0.16702355 0.18629550 0.00000000 0.24625268 0.00000000 0.00000000 0.40042827 0.00000000 0.00000000 0.00000000
0.00000000 0.00000000 0.00000000 0.08536585 0.17849224 0.00000000 0.00000000 0.29046563 0.44567627 0.00000000
0.00000000 0.00000000 0.00000000 0.00000000 0.00000000 0.00000000 1.00000000 0.00000000 0.00000000 0.00000000
0.00000000 0.00000000 0.00000000 0.00000000 0.00000000 0.00000000 0.00000000 1.00000000 0.00000000 0.00000000
0.00000000 0.00000000 0.00000000 0.00000000 0.00000000 0.00000000 0.00000000 0.00000000 0.69230769 0.30769231
0.00000000 0.00000000 0.00000000 0.00000000 0.00000000 0.00000000 0.00000000 0.61666667 0.00000000 0.38333333
0.00000000 0.00000000 0.34254144 0.00000000 0.65745856 0.00000000 0.00000000 0.00000000 0.00000000 0.00000000
0.00000000 0.00000000 0.00000000 0.00000000 0.00000000 0.00000000 0.00000000 0.00000000 0.00000000 1.00000000
0.00000000 0.29227053 0.39371981 0.31400966 0.00000000 0.00000000 0.00000000 0.00000000 0.00000000 0.00000000
0.00000000 0.00000000 0.00000000 0.00000000 0.00000000 0.00000000 0.00000000 0.00000000 0.00000000 1.00000000
0.00000000 0.00000000 0.00000000 0.00000000 0.00000000 0.46443515 0.00000000 0.35774059 0.17782427 0.00000000
0.32666667 0.33466667 0.00000000 0.12666667 0.00000000 0.00000000 0.21200000 0.00000000 0.00000000 0.00000000
0.00000000 1.00000000 0.00000000 0.00000000 0.00000000 0.00000000 0.00000000 0.00000000 0.00000000 0.00000000
0.00000000 0.00000000 0.46396396 0.00000000 0.36036036 0.17567568 0.00000000 0.00000000 0.00000000 0.00000000
0.00000000 1.00000000 0.00000000 0.00000000 0.00000000 0.00000000 0.00000000 0.00000000 0.00000000 0.00000000
0.00000000 0.00000000 0.00000000 0.00000000 0.00000000 0.00000000 0.00000000 0.00000000 1.00000000 0.00000000
0.10603715 0.09520124 0.13080495 0.18885449 0.00000000 0.16950464 0.24767802 0.00000000 0.06191950 0.00000000
0.00000000 0.00000000 0.00000000 0.00000000 0.00000000 0.00000000 0.00000000 1.00000000 0.00000000 0.00000000
0.00000000 0.00000000 1.00000000 0.00000000 0.00000000 0.00000000 0.00000000 0.00000000 0.00000000 0.00000000
0.00000000 0.27982163 0.21293200 0.21070234 0.13712375 0.15942029 0.00000000 0.00000000 0.00000000 0.00000000
0.00000000 0.00000000 0.00000000 0.00000000 0.00000000 0.00000000 1.00000000 0.00000000 0.00000000 0.00000000
0.00000000 0.00000000 0.00000000 0.00000000 0.41101695 0.58898305 0.00000000 0.00000000 0.00000000 0.00000000
0.00000000 0.00000000 0.25478927 0.21264368 0.00000000 0.00000000 0.53256705 0.00000000 0.00000000 0.00000000
0.00000000 0.00000000 0.00000000 0.00000000 0.00000000 0.20661157 0.00000000 0.17685950 0.12892562 0.48760331
0.00000000 0.00000000 0.00000000 0.00000000 0.00000000 0.00000000 1.00000000 0.00000000 0.00000000 0.00000000
0.00000000 0.00000000 0.00000000 0.00000000 0.00000000 0.00000000 0.00000000 0.00000000 0.00000000 1.00000000
0.00000000 0.06591640 0.19292605 0.24115756 0.00000000 0.13022508 0.36977492 0.00000000 0.00000000 0.00000000
0.00000000 0.26923077 0.00000000 0.00000000 0.00000000 0.73076923 0.00000000 0.00000000 0.00000000 0.00000000
0.00000000 0.00000000 0.00000000 0.00000000 0.00000000 0.00000000 0.00000000 0.00000000 1.00000000 0.00000000
1.00000000 0.00000000 0.00000000 0.00000000 0.00000000 0.00000000 0.00000000 0.00000000 0.00000000 0.00000000
0.00000000 0.75180723 0.00000000 0.24819277 0.00000000 0.00000000 0.00000000 0.00000000 0.00000000 0.00000000
0.00000000 0.00000000 0.00000000 1.00000000 0.00000000 0.00000000 0.00000000 0.00000000 0.00000000 0.00000000
0.00000000 0.00000000 0.00000000 0.00000000 1.00000000 0.00000000 0.00000000 0.00000000 0.00000000 0.00000000
0.00000000 0.00000000 0.00000000 0.00000000 0.00000000 1.00000000 0.00000000 0.00000000 0.00000000 0.00000000
0.00000000 0.00000000 0.00000000 0.00000000 0.00000000 0.00000000 1.00000000 0.00000000 0.00000000 0.00000000
0.00000000 0.00000000 0.00000000 0.00000000 0.00000000 0.00000000 0.00000000 0.00000000 0.00000000 1.00000000
0.00000000 1.00000000 0.00000000 0.00000000 0.00000000 0.00000000 0.00000000 0.00000000 0.00000000 0.00000000
0.00000000 0.00000000 0.00000000 0.00000000 1.00000000 0.00000000 0.00000000 0.00000000 0.00000000 0.00000000
0.00000000 0.00000000 0.00000000 0.00000000 0.00000000 0.00000000 1.00000000 0.00000000 0.00000000 0.00000000
0.51440329 0.00000000 0.00000000 0.00000000 0.00000000 0.00000000 0.00000000 0.48559671 0.00000000 0.00000000
0.00000000 0.00000000 0.00000000 0.00000000 0.00000000 0.00000000 0.00000000 0.00000000 1.00000000 0.00000000
1.00000000 0.00000000 0.00000000 0.00000000 0.00000000 0.00000000 0.00000000 0.00000000 0.00000000 0.00000000
0.22344322 0.00000000 0.26923077 0.00000000 0.00000000 0.26190476 0.00000000 0.00000000 0.24542125 0.00000000
0.00000000 0.00000000 1.00000000 0.00000000 0.00000000 0.00000000 0.00000000 0.00000000 0.00000000 0.00000000
0.00000000 0.00000000 0.00000000 0.00000000 0.00000000 0.00000000 0.00000000 1.00000000 0.00000000 0.00000000
0.00000000 0.00000000 0.00000000 0.00000000 0.74594595 0.00000000 0.25405405 0.00000000 0.00000000 0.00000000
0.00000000 0.00000000 0.00000000 0.00000000 0.00000000 0.00000000 0.00000000 0.81034483 0.18965517 0.00000000
0.00000000 0.00000000 0.00000000 0.00000000 0.00000000 0.00000000 0.00000000 0.00000000 0.00000000 1.00000000
1.00000000 0.00000000 0.00000000 0.00000000 0.00000000 0.00000000 0.00000000 0.00000000 0.00000000 0.00000000
1.00000000 0.00000000 0.00000000 0.00000000 0.00000000 0.00000000 0.00000000 0.00000000 0.00000000 0.00000000
0.00000000 0.00000000 0.00000000 0.00000000 1.00000000 0.00000000 0.00000000 0.00000000 0.00000000 0.00000000
0.31829574 0.00000000 0.17293233 0.00000000 0.42355890 0.00000000 0.00000000 0.00000000 0.00000000 0.08521303
0.00000000 0.00000000 0.00000000 0.00000000 0.00000000 0.00000000 0.00000000 0.81176471 0.00000000 0.18823529
0.16091954 0.00000000 0.08429119 0.08173691 0.21328225 0.08939974 0.00000000 0.12771392 0.16475096 0.07790549
0.00000000 0.53846154 0.00000000 0.22913257 0.23240589 0.00000000 0.00000000 0.00000000 0.00000000 0.00000000
