0.05314805
0.00098788
0.00355638
0.03075606
0.05940464
0.00309536
0.00895680
0.00171233
0.00790306
0.02384089
0.00902266
0.02726554
0.00039515
0.03148051
0.04939410
0.00869336
0.02924131
0.00757376
0.00237092
0.08508957
0.00717861
0.00968124
0.05907534
0.00270021
0.01554268
0.03437829
0.03984457
0.00223920
0.00111960
0.04096417
0.00684932
0.00072445
0.01185458
0.02733140
0.01060327
0.00658588
0.00467597
0.01429136
0.00889094
0.00322708
0.00750790
0.00059273
0.01600369
0.00118546
0.01277661
0.03595890
0.00428082
0.00520285
0.01218388
0.00381981
0.00105374
0.00507113
0.01264489
0.00638830
0.02627766
0.00559800
0.05156744
0.04023973
