0.00140000
0.00023333
0.00116667
0.00473333
0.01473333
0.00376667
0.02000000
0.00120000
0.00216667
0.00043333
0.04136667
0.00020000
0.01493333
0.01893333
0.00076667
0.00253333
0.00170000
0.03446667
0.07133333
0.00416667
0.03890000
0.00333333
0.01056667
0.04266667
0.00080000
0.00153333
0.00006667
0.00020000
0.00393333
0.06000000
0.01080000
0.00016667
0.00193333
0.00220000
0.01100000
0.01630000
0.06720000
0.00596667
0.00180000
0.01296667
0.00100000
0.02676667
0.00290000
0.00463333
0.00336667
0.00253333
0.00036667
0.00740000
0.00410000
0.02140000
0.00386667
0.00043333
0.00060000
0.03910000
0.00310000
0.00130000
0.00640000
0.02670000
0.00266667
0.00083333
0.00256667
0.03676667
0.03353333
0.00140000
0.03103333
0.02776667
0.00753333
0.02250000
0.00666667
0.01380000
0.00103333
0.01376667
0.00860000
0.00850000
0.00300000
0.00163333
0.00306667
0.00253333
0.01566667
0.00166667
0.00273333
0.00570000
0.00266667
0.00263333
0.00760000
0.01793333
0.00083333
0.00016667
0.00953333
0.00593333
0.03426667
0.00673333
0.00180000
0.00036667
0.00090000
0.00023333
0.01410000
0.03720000
0.00496667
0.00063333
0.01176667
0.00043333
0.00383333
0.00146667
0.01170000
0.00010000
0.00913333
0.00340000
0.00236667
0.01870000
0.00783333
0.00020000
0.00216667
0.00170000
0.03583333
0.03556667
0.04416667
0.00983333
0.00693333
0.00976667
0.04396667
0.00343333
0.01706667
0.02876667
0.00146667
0.00050000
0.06666667
0.00080000
0.02940000
0.07010000
0.03816667
0.00886667
0.00583333
0.04693333
0.00080000
0.00250000
0.00433333
0.00310000
0.00613333
0.00076667
0.10270000
0.00050000
0.00026667
0.00156667
0.01553333
0.07500000
0.00170000
0.00246667
0.00290000
0.00053333
0.05826667
0.02196667
0.00010000
0.00053333
0.00620000
0.00383333
0.00496667
0.00773333
0.05710000
0.04880000
0.00880000
0.00146667
0.00146667
0.00223333
0.00363333
0.01016667
0.00350000
0.07236667
0.00106667
0.00320000
0.03693333
0.00813333
0.00336667
0.00096667
0.00070000
0.00220000
0.03676667
0.00176667
0.00180000
0.00733333
0.00406667
0.00656667
0.00446667
0.00736667
0.00096667
0.00013333
0.00023333
0.00796667
0.00110000
0.02173333
0.05116667
0.00913333
0.00346667
0.02953333
0.02000000
0.00390000
0.01823333
0.00643333
0.01076667
0.00026667
0.05576667
0.01443333
0.03106667
0.00086667
0.00133333
0.00100000
0.00023333
0.00386667
0.00390000
0.00230000
0.00090000
0.00193333
0.04116667
0.01623333
0.01180000
0.00350000
0.00010000
0.01483333
0.00600000
0.00023333
0.00470000
0.01993333
0.04670000
0.10150000
0.01486667
0.00550000
0.00076667
0.00056667
0.00126667
0.00033333
0.04306667
0.02310000
0.03263333
0.03603333
0.00186667
0.01326667
0.05363333
0.04283333
0.00133333
0.00853333
0.01170000
0.00076667
0.00820000
0.03853333
0.01923333
0.05563333
0.02086667
0.00160000
0.01090000
0.00060000
0.01456667
0.05260000
0.00400000
0.00340000
0.04763333
0.00173333
0.00380000
0.00800000
0.00086667
0.00130000
0.05926667
0.00776667
0.01316667
0.00480000
0.03216667
0.00063333
