0.00451289
0.01876791
0.00351003
0.03065903
0.00222063
0.00329513
0.00057307
0.01511461
0.00522923
0.01038682
0.00444126
0.00265043
0.04140401
0.03560172
0.02901146
0.01232092
0.00078797
0.00730659
0.00207736
0.00365330
0.05050143
0.01389685
0.00336676
0.00544413
0.00902579
0.06181948
0.08216332
0.00730659
0.01812321
0.01597421
0.03624642
0.01375358
0.00351003
0.01131805
0.00945559
0.01389685
0.02492837
0.00565903
0.00100287
0.00436963
0.05014327
0.00967049
0.00343840
0.04706304
0.00214900
0.00308023
0.00551576
0.01153295
0.00694842
0.00565903
0.00329513
0.01375358
0.00436963
0.01540115
0.00329513
0.00164756
0.01962751
0.01053009
0.06446991
0.01017192
0.02005731
0.06289398
