7.975500000000000644e-02
8.000000000000000167e-02
4.590199999999999836e-02
4.545449999999999768e-01
7.531400000000000594e-02
2.857099999999999917e-02
3.571400000000000269e-02
8.571399999999999852e-02
4.347800000000000276e-02
0.000000000000000000e+00
8.000000000000000167e-02
9.210500000000000631e-02
3.191490000000000160e-01
2.580649999999999888e-01
4.494399999999999784e-02
4.255300000000000055e-02
4.166700000000000265e-02
0.000000000000000000e+00
5.555600000000000122e-02
4.877999999999999697e-02
3.824879999999999947e-01
3.333329999999999904e-01
3.333329999999999904e-01
2.307690000000000019e-01
4.090909999999999824e-01
0.000000000000000000e+00
1.666670000000000096e-01
2.597400000000000056e-02
5.555600000000000122e-02
0.000000000000000000e+00
1.272729999999999972e-01
0.000000000000000000e+00
5.714289999999999647e-01
4.457829999999999848e-01
2.832169999999999965e-01
0.000000000000000000e+00
1.111110000000000014e-01
1.428570000000000118e-01
0.000000000000000000e+00
0.000000000000000000e+00
0.000000000000000000e+00
2.416669999999999929e-01
4.615380000000000038e-01
4.878049999999999886e-01
5.000000000000000000e-01
0.000000000000000000e+00
3.333329999999999904e-01
3.265310000000000157e-01
1.666670000000000096e-01
1.428570000000000118e-01
3.225800000000000195e-02
2.500000000000000000e-01
8.333300000000000429e-02
2.222220000000000029e-01
5.833329999999999904e-01
1.000000000000000056e-01
3.793099999999999805e-01
1.764709999999999890e-01
3.200000000000000067e-01
5.882349999999999524e-01
0.000000000000000000e+00
0.000000000000000000e+00
8.333329999999999904e-01
2.500000000000000000e-01
5.999999999999999778e-01
0.000000000000000000e+00
