0.00626647
0.01399707
0.00304539
0.02857980
0.00386530
0.02207906
0.02986823
0.00374817
0.01329429
0.00099561
0.00486091
0.03426061
0.01177160
0.00292826
0.00392387
0.03508053
0.00503660
0.01803807
0.01850659
0.01481698
0.01481698
0.00222548
0.05048316
0.02916545
0.00058565
0.00327965
0.02336750
0.03033675
0.00427526
0.00404100
0.05633968
0.02301611
0.03092240
0.00491947
0.00111274
0.03057101
0.03010249
0.00093704
0.01118594
0.02436310
0.03168375
0.00257687
0.00263543
0.03267936
0.01915081
0.01218155
0.00216691
0.02863836
0.04696925
0.00398243
0.00240117
0.00240117
0.00081991
0.01024890
0.02266471
0.00357247
0.00029283
0.01352855
0.02998536
0.01048316
0.00216691
0.01815520
0.01417277
0.03051245
0.00491947
