0.00692255
0.00493489
0.00822481
0.00178204
0.02419465
0.00301576
0.10891021
0.00253598
0.00418095
0.12789582
0.01158328
0.01782042
0.00020562
0.00212474
0.01240576
0.00123372
0.01823167
0.01014393
0.00657985
0.00034270
0.00747087
0.01528444
0.01322824
0.00630569
0.01117204
0.01549006
0.00397533
0.02577108
0.00699109
0.00089102
0.00253598
0.01137766
0.00095956
0.01521590
0.02172721
0.01679232
0.00116518
0.02282385
0.04201508
0.00610007
0.01925977
0.12357779
0.00191912
0.01247430
0.01192598
0.00178204
0.01535298
0.00226182
0.00150788
0.00644277
0.00705963
0.00767649
0.00582591
0.01130912
0.00130226
0.01740918
0.00109664
0.00418095
0.01233722
0.00157642
0.00013708
0.01014393
0.01130912
0.00041124
0.00020562
0.04146676
0.02906100
0.02042495
