0.05240793 0.07979226 0.00000000 0.00000000 0.14117092 0.13928234 0.10717658 0.00000000 0.00000000 0.00000000 0.06468366 0.00000000 0.00000000 0.00000000 0.00000000 0.03021719 0.08687441 0.00000000 0.00000000 0.00000000 0.00000000 0.04532578 0.00000000 0.00000000 0.00000000 0.06043437 0.00000000 0.00000000 0.00000000 0.06232295 0.13031161 0.00000000 0.00000000 0.00000000 0.00000000 0.00000000 0.00000000 0.00000000 0.00000000 0.00000000 0.00000000 0.00000000 0.00000000 0.00000000 0.00000000 0.00000000
0.00000000 0.05964010 0.05912596 0.00000000 0.08843188 0.04987147 0.13624679 0.00000000 0.00000000 0.00000000 0.00000000 0.00000000 0.00000000 0.00000000 0.00000000 0.00000000 0.00000000 0.05449871 0.00000000 0.00000000 0.00000000 0.00000000 0.00000000 0.00000000 0.00000000 0.05604113 0.00000000 0.00000000 0.00000000 0.10899743 0.13727506 0.00000000 0.06015424 0.00000000 0.12287918 0.00000000 0.00000000 0.00000000 0.00000000 0.00000000 0.00000000 0.00000000 0.00000000 0.00000000 0.06683805 0.00000000
0.00000000 0.12047570 0.00000000 0.00000000 0.17425026 0.07859359 0.04395036 0.00000000 0.05325750 0.00000000 0.00000000 0.00000000 0.00000000 0.00000000 0.04912099 0.00000000 0.00000000 0.00000000 0.04705274 0.00000000 0.00000000 0.00000000 0.04705274 0.00000000 0.00000000 0.09824199 0.00000000 0.00000000 0.00000000 0.00000000 0.17890383 0.00000000 0.00000000 0.05532575 0.00000000 0.00000000 0.00000000 0.00000000 0.00000000 0.00000000 0.00000000 0.00000000 0.05377456 0.00000000 0.00000000 0.00000000
0.00000000 0.00000000 0.09989648 0.13819876 0.00000000 0.06521739 0.00000000 0.00000000 0.15476190 0.00000000 0.00000000 0.00000000 0.00000000 0.00000000 0.00000000 0.00000000 0.00000000 0.00000000 0.00000000 0.00000000 0.07194617 0.00000000 0.00000000 0.07142857 0.00000000 0.10714286 0.00000000 0.00000000 0.00000000 0.10869565 0.10662526 0.00414079 0.00000000 0.00000000 0.06832298 0.00000000 0.00000000 0.00000000 0.00000000 0.00362319 0.00000000 0.00000000 0.00000000 0.00000000 0.00000000 0.00000000
0.00000000 0.10292165 0.07968127 0.05046481 0.09163347 0.06241700 0.02523240 0.00000000 0.19389110 0.00000000 0.00000000 0.00000000 0.00000000 0.00000000 0.00000000 0.00000000 0.00000000 0.00000000 0.00000000 0.08300133 0.00000000 0.00000000 0.00000000 0.00000000 0.00000000 0.05843293 0.00000000 0.00000000 0.00000000 0.08499336 0.12948207 0.00000000 0.00000000 0.00000000 0.00000000 0.00000000 0.00000000 0.00000000 0.00000000 0.00000000 0.00000000 0.00000000 0.00000000 0.00000000 0.03784861 0.00000000
0.00000000 0.02549575 0.01770538 0.00000000 0.13101983 0.05453258 0.06303116 0.00000000 0.00000000 0.00000000 0.00000000 0.00000000 0.00000000 0.00000000 0.00000000 0.00000000 0.00000000 0.03116147 0.00000000 0.00000000 0.00000000 0.00000000 0.00000000 0.00000000 0.00000000 0.22379603 0.00000000 0.00000000 0.00000000 0.08498584 0.17422096 0.00000000 0.08994334 0.00000000 0.00000000 0.00000000 0.00000000 0.00000000 0.00000000 0.00000000 0.00000000 0.01628895 0.00000000 0.00000000 0.08781870 0.00000000
0.00000000 0.00000000 0.00000000 0.00000000 0.00000000 0.00000000 0.00000000 0.00000000 0.00000000 0.00000000 0.00000000 0.26719368 0.11620553 0.14940711 0.00000000 0.00000000 0.00000000 0.00000000 0.00000000 0.00000000 0.00000000 0.00000000 0.00000000 0.00000000 0.02371542 0.00000000 0.00000000 0.00553360 0.11146245 0.00000000 0.00000000 0.00000000 0.00000000 0.00000000 0.00000000 0.12332016 0.08932806 0.01422925 0.01739130 0.00000000 0.04505929 0.00000000 0.00000000 0.00000000 0.00000000 0.03715415
0.00000000 0.00000000 0.00000000 0.00000000 0.00000000 0.00000000 0.00000000 0.03326810 0.00000000 0.04598826 0.00000000 0.00000000 0.00000000 0.00000000 0.00000000 0.00000000 0.00000000 0.00000000 0.00000000 0.00000000 0.00000000 0.00000000 0.00000000 0.00000000 0.00000000 0.32387476 0.03033268 0.00000000 0.00000000 0.13405088 0.06164384 0.00000000 0.12915851 0.00000000 0.00000000 0.00000000 0.00000000 0.00000000 0.00000000 0.00000000 0.00000000 0.02641879 0.00000000 0.15362035 0.06164384 0.00000000
0.00000000 0.00000000 0.00000000 0.00000000 0.10758197 0.08504098 0.02254098 0.00000000 0.00000000 0.00000000 0.01741803 0.00000000 0.00000000 0.00000000 0.00000000 0.00000000 0.00000000 0.00000000 0.00000000 0.00000000 0.00000000 0.00000000 0.00000000 0.00000000 0.00000000 0.25512295 0.00000000 0.00000000 0.00000000 0.14036885 0.15368852 0.00000000 0.08504098 0.00000000 0.00000000 0.00000000 0.00000000 0.00000000 0.00000000 0.00000000 0.00000000 0.02151639 0.00000000 0.03073770 0.08094262 0.00000000
0.00000000 0.00000000 0.00000000 0.00000000 0.12574257 0.13069307 0.00000000 0.00000000 0.05841584 0.00000000 0.05742574 0.00000000 0.00000000 0.00000000 0.00000000 0.00000000 0.00000000 0.00000000 0.00000000 0.00000000 0.00000000 0.00000000 0.00000000 0.00000000 0.00000000 0.31782178 0.00000000 0.00000000 0.00000000 0.11485149 0.11386139 0.00000000 0.08118812 0.00000000 0.00000000 0.00000000 0.00000000 0.00000000 0.00000000 0.00000000 0.00000000 0.00000000 0.00000000 0.00000000 0.00000000 0.00000000
