0.00272188
0.02537183
0.05025761
0.01778944
0.00311072
0.00320793
0.00330514
0.03256537
0.01545640
0.01866433
0.00874891
0.00058326
0.00320793
0.02401089
0.03480121
0.01419267
0.00991543
0.03363468
0.02012248
0.00486050
0.00806844
0.00408282
0.00038884
0.00126373
0.01876154
0.00077768
0.01905317
0.03528726
0.00913775
0.00369398
0.00106931
0.01001264
0.00418003
0.00243025
0.00116652
0.01360941
0.00855449
0.00038884
0.01730339
0.00048605
0.00505492
0.00670749
0.02566346
0.01555361
0.00048605
0.00019442
0.00165257
0.00699913
0.03956450
0.01117916
0.01137358
0.00252746
0.03849519
0.05035482
0.06658890
0.00592981
0.03392631
0.03800914
0.00272188
0.00048605
0.00136094
0.01244289
0.03421794
0.02255274
0.02760766
0.01127637
0.01079032
0.00087489
0.02916302
